epoch - time - loss - accuracy - val_loss - val_accuracy
1 1448 2.3011 0.1268 2.1878 0.2
2 1434 2.2742 0.1268 2.1415 0.2
3 1456 2.2777 0.1393 2.2881 0.0
4 1454 2.266 0.1291 2.2426 0.1
5 1448 2.2782 0.1309 2.2635 0.0
6 1446 2.2222 0.1514 2.2862 0.1
7 1445 1.8346 0.3149 1.6504 0.3
8 1442 1.4118 0.5074 1.6008 0.4
9 1439 1.0083 0.6883 1.0366 0.8
10 1443 0.66 0.7959 0.4848 0.8
11 1445 0.4435 0.8557 0.036 1.0
12 1448 0.3506 0.8888 0.0119 1.0
13 1442 0.2902 0.9169 0.0519 1.0
14 1448 0.2225 0.9268 0.2126 1.0
15 1451 0.1556 0.9482 0.2044 0.9
16 1450 0.1159 0.9603 0.0071 1.0
17 1449 0.1239 0.9665 0.0619 1.0
18 1448 0.0762 0.9723 0.5487 0.9
19 1445 0.0721 0.9803 0.5503 0.8
20 1444 0.0421 0.9884 0.0034 1.0
21 1446 0.1106 0.9669 0.933 0.8
22 1441 0.0269 0.9924 0.8724 0.9
23 1442 0.0886 0.9732 0.2326 0.9
24 1439 0.0797 0.9736 0.1338 0.9
25 1438 0.0579 0.9866 0.2781 0.9
26 1438 0.0138 0.9955 2.4676e-06 1.0
27 1440 0.0311 0.9937 6.1392e-06 1.0
28 1442 0.0253 0.9933 2.1244 0.7
29 1439 0.0125 0.9969 0.1204 0.9
30 1451 0.0179 0.9955 1.1791 0.8
31 1440 0.0022 0.9996 4.1727 0.7
32 1432 0.0771 0.9795 1.3693 0.7
33 1422 0.0285 0.992 2.3183 0.7
34 1424 0.0541 0.9915 1.3065 0.8
35 1425 0.0404 0.9884 2.4673 0.6
36 1424 0.0287 0.992 0.8505 0.833
37 1424 0.00079239 1.0 0.6423 0.9
38 1424 0.00017491 1.0 1.1802e-06 1.0
