epoch - moy loss - ecart loss - moy val_loss - ecart val_loss 
1 83.73772695901638 17.577778096353263 87.82760388435237 17.293421620984887
2 47.73117603278689 4.368520054248001 50.158475757308736 4.680463116767016
3 36.44238244262296 2.809349570005826 37.82950605195451 2.8062353288162227
4 29.012669852459027 1.9335562939292217 29.986401404720997 1.8440666951421052
5 23.609623639344257 1.5518018770964712 24.341159921265124 1.4131388514385719
6 19.463307672131148 1.2159018150813097 19.999589164313786 1.0468624542121252
7 16.34121512295082 1.0440563728589871 16.77528789889289 0.8392194565589137
8 13.960743196721308 0.8973658736632022 14.277062646071759 0.5981622468699663
9 12.067667401639346 0.6389118266014902 12.299383085114307 0.38211585114442503
10 10.603503065573774 0.7267910588134842 10.80376248855928 0.4171795779368859
11 9.392396180327868 0.6772435366753538 9.577262925521687 0.36450340907447404
12 8.323273503278687 0.5733202285236452 8.47047095349381 0.3200499402794654
13 7.550726068852459 0.5468697291446115 7.6502954993470915 0.19875541769849356
14 6.912170686885247 0.5134192911141068 6.970644158830916 0.15140154623006546
15 6.301116888524594 0.6025683969784905 6.4152395973693315 0.26957314174322705
16 5.826993963934424 0.6205026869009257 5.8749219423773145 0.13375807967334077
17 5.443715952459015 0.6524740882021133 5.504906054278189 0.1304473020608922
18 5.024472721311474 0.5758174297308394 5.089572745055324 0.12210697024882222
19 4.719343254098361 0.5597594535543702 4.734710733630287 0.13727201129238667
20 4.495337322950821 0.5796672524123072 4.577516434001809 0.12319633541648783
21 4.196028285245901 0.49458532976396746 4.210834586132394 0.08317138996838509
22 4.032667298360654 0.6703404076704057 4.0744305942695345 0.13726699265452913
23 3.840612140983607 0.5731805546866108 3.8531910439252557 0.10872809758028618
24 3.641083285245902 0.6320134519592556 3.675859075442209 0.09716716777984323
25 3.5037943836065577 0.585320038475288 3.5150256375491074 0.10653982247113508
26 3.3711249016393454 0.5043367246251451 3.3876807692941746 0.0732001320597864
27 3.219440883606558 0.5331468584357384 3.2743973304757312 0.14546889706349622
28 3.1815901475409842 0.6295854591965416 3.16236895343938 0.11850102366092082
29 3.0360737639344264 0.7145647294947864 3.0644452667353135 0.08428762898274147
30 2.939999137704918 0.5033862187561533 2.952021370719249 0.08620543055877715
31 2.8694562639344254 0.5245840793655379 2.89426984405536 0.1190004804661673
32 2.751246552459016 0.5351631759557192 2.730269074380071 0.11779514697123702
33 2.7348698081967213 0.6307771606464257 2.776888422771387 0.1689036184900523
34 2.644361832786886 0.5106533299056274 2.64755618546879 0.10957945913930825
35 2.568049357377049 0.6051817321697898 2.570660712636913 0.08760760520546378
36 2.54207957704918 0.5544037368718618 2.5452427827749236 0.1046210228145638
37 2.505503539344262 0.6218544272587109 2.526902660239158 0.1531124791917458
38 2.436819242622951 0.5483274545355775 2.4227896514105205 0.07590185963046328
39 2.3993899311475415 0.5970338887926572 2.4290424876173167 0.10309348834256708
40 2.3424437131147537 0.5794363826962934 2.3536446530609543 0.09295872504974413
41 2.3589356278688522 0.5780468067830254 2.350422875700186 0.09395387903229603
42 2.305372332786885 0.589870462134643 2.2704344695425682 0.07117580941261255
43 2.2604400885245903 0.585462227294682 2.2673017260070547 0.07951888308370832
44 2.252368667213115 0.47737503868496006 2.287235801965077 0.07037776792557497
45 2.231289954098361 0.6675021912719197 2.1961151905475296 0.11547450983254182
46 2.2212988819672126 0.6630273178535484 2.2583776530967192 0.11695557198547468
47 2.1601091688524594 0.6003698839600508 2.131898541385524 0.1505317304123296
48 2.176149747540984 0.595530361399866 2.2256093234697336 0.07857421957029054
49 2.162879583606557 0.5707936603149909 2.145944299907156 0.09344685925082026
50 2.0982385721311476 0.4822458019417691 2.090595304595797 0.09241606888181167
51 2.1051643393442627 0.551216524436886 2.1371535793799383 0.08198850773219053
52 2.0853257737704913 0.7218668529570993 2.059311348647953 0.13132242569678926
53 2.059708486885246 0.5527583765704626 2.058842324196535 0.08185645241040615
54 2.057248657377049 0.5292328563771018 2.077665584628569 0.1165752947699305
55 2.0513585491803283 0.6515279106957492 2.0226945922802066 0.12897741305827096
56 2.0124412311475406 0.5128161514743024 2.0515199737222374 0.14442439979644067
57 2.0390948672131146 0.4934911473748981 2.026558957092708 0.07754066742927926
58 2.0198684934426225 0.5161850773093989 2.0228316982080026 0.07649757990991701
59 1.9868705442622956 0.4748893608933519 1.9719352850069571 0.08441414796470956
60 1.9800196295081967 0.5073728300853044 1.9868651455188584 0.08793436972951145
61 2.0126489475409834 0.6039453730169883 2.0065582452302904 0.09946487574479619
62 1.9651440131147542 0.5625661602348159 1.9920898689026623 0.14120849836211657
63 1.9480319491803277 0.48614674305030287 1.9698724219594257 0.11732928681232516
64 1.9289711688524591 0.6642595421814887 1.8833738061178313 0.12128481688680053
65 1.9294405016393443 0.5838191958775674 1.9347712520546918 0.12155901111994788
66 1.9641947360655732 0.5879465442532935 1.992195422302265 0.10799602344981574
67 1.9029254999999992 0.4839998984781316 1.8733802319311716 0.12533253246018347
68 1.8950416098360652 0.4635058781873549 1.9169267161237125 0.0865803590470585
69 1.9223866983606561 0.5581664197834095 1.9140701743784196 0.14184683094956418
70 1.8743211311475412 0.5265328055573472 1.8946584940918996 0.13261122313196602
71 1.8758101327868855 0.5129726892824712 1.8558433702235837 0.09069837453051964
72 1.903828026229508 0.6185946714197286 1.9263091793469762 0.13241472110172706
73 1.9010914229508196 0.5256294060225059 1.8873899409674324 0.0809003382108084
74 1.877704226229509 0.5901319809899118 1.8601737716432913 0.1309901301939756
75 1.9093070557377052 0.5650945361464245 1.9336998238695806 0.09520787489379388
76 1.8433894229508194 0.46310945086462685 1.8517495190955549 0.08910734972445693
77 1.9082422065573768 0.49411537146105405 1.8640624843790363 0.09726894951150822
78 1.8183887655737707 0.5457436845097108 1.8643130157389132 0.07566690307666031
79 1.8504058786885247 0.5462671800085868 1.8467424096616838 0.11746960022980023
80 1.8426493213114747 0.5371186918512549 1.8311016669698035 0.13014108438920471
81 1.8445042885245897 0.533496063290739 1.8503675878472714 0.08209021607022379
82 1.8777235540983601 0.5013252156925703 1.8882048671416323 0.08782736666975685
83 1.903738942622951 0.4435459557898427 1.8825742500791502 0.07143164084855037
84 1.834557196721312 0.46860699059860356 1.8579147099508755 0.09501180328641558
85 1.7829095163934423 0.451218395425079 1.7702235771083041 0.05833069254396014
86 1.8382503409836064 0.5460746492880758 1.8189812932858804 0.10217245337227455
87 1.8126125524590164 0.5266326685345615 1.8525701985215386 0.09841130917990779
88 1.8518570704918031 0.6415043848628825 1.8163920938509437 0.08349387569831829
89 1.8816893393442622 0.5084685491278896 1.898669695728078 0.10304652775247809
90 1.8342220540983605 0.6107854481003681 1.8297275287289725 0.15444979566322914
91 1.8661024442622958 0.5517397975822135 1.8950694437798647 0.0824393126887941
92 1.8253445344262298 0.5187689986486745 1.8017621214997022 0.08609118299751536
93 1.7730391770491802 0.5112622404446897 1.785555673954086 0.080907367368339
94 1.8243091196721308 0.48127262300819323 1.8370211301306554 0.11312216013420362
95 1.8131026754098356 0.5723489350285814 1.808060511374706 0.10597884701654313
96 1.8263862180327857 0.5085610707092868 1.800625907625618 0.09774070236165791
97 1.7851767377049186 0.5458239649698586 1.7967599834059758 0.11528411581759361
98 1.8471791999999998 0.6779408017838038 1.8635361870803 0.16433457180180513
99 1.7935062672131152 0.4863215273137717 1.764782368168857 0.09279966938415192
100 1.793794333606557 0.5755309721862765 1.8237227835008745 0.12338900880571672
101 1.7332034721311476 0.5206700516091342 1.7050541786389632 0.1069311150743768
102 1.7891674081967215 0.5410499304282818 1.7906379503431535 0.07690905803846063
103 1.8080914459016388 0.5177050439476997 1.8456732151767794 0.14381682144453503
104 1.7854990098360655 0.4605039668877133 1.7474717895459244 0.0857768810058784
105 1.8157995704918037 0.44379277865598615 1.830324361483667 0.07882440733926523
106 1.791820960655738 0.5504512331353691 1.7767601545726648 0.13002142557896645
107 1.826293144262295 0.5670297438182857 1.8369017141914878 0.09798820889335808
108 1.7454208852459017 0.5774161749486426 1.702516460345464 0.07966848745585725
109 1.7898526344262295 0.5283460389562287 1.8308754131249272 0.06832605066528984
110 1.8290926409836066 0.6188456688406123 1.8126693951670743 0.11559533213624455
111 1.8024601606557376 0.4313407704129864 1.8031220954868552 0.08011727985858078
112 1.757473693442623 0.48134243527744597 1.7787680996407174 0.09271871911076182
113 1.7964203049180327 0.5679342345764185 1.801565590514071 0.09794460194162653
114 1.752621762295082 0.5654093194873298 1.7604847549757363 0.11265860556937733
115 1.828710054098361 0.6231480249401954 1.8194180343921436 0.1287727346901571
116 1.8012231114754096 0.5012657865062832 1.7834104374412607 0.13776945998410564
117 1.7252071836065572 0.6198655443801644 1.7576839461898806 0.10873259526200205
118 1.7416157819672127 0.5687832398658736 1.754054166538901 0.1006859643474105
119 1.7288252934426236 0.49657153617438166 1.7150227663928084 0.11531863895779494
120 1.7427226098360655 0.474276616493606 1.7268496579278052 0.08717811657419763
121 1.7366738639344268 0.4917115876747783 1.730197159827267 0.10772421193018858
122 1.7614950704918027 0.5258331513657216 1.7755377882694998 0.06871192061825898
123 1.767577729508197 0.4841984583147168 1.7574060366090012 0.13614082273660383
124 1.7035842475409837 0.532100133435257 1.6950040002072322 0.09613140580932589
125 1.7096908327868852 0.4873917434647848 1.7174461810050312 0.06497865799097202
126 1.7163598786885237 0.5519896328964593 1.7416412396109295 0.09166458068203727
127 1.747679842622951 0.43737362230137705 1.7215805966861901 0.08555250818118815
128 1.7061858049180325 0.4436379385068058 1.716569117239081 0.09323551368266911
129 1.7607211819672133 0.524430347898078 1.7677491942321912 0.09016882244014883
130 1.7202453929508192 0.4891952117268038 1.7045674762368832 0.07105437875919716
131 1.7527631852459016 0.5033037522582964 1.7422838057795875 0.07225078078186555
132 1.7565559563934425 0.4912973059003075 1.7874185528560451 0.11152270346501582
133 1.734976726229508 0.5155753250794116 1.737679987841632 0.09926840682571801
134 1.7010567639344263 0.5095418488640626 1.7097975907690672 0.10039904901826785
135 1.7475044213114752 0.5915819953927712 1.7248179587324337 0.11998291362461935
136 1.7280269240983603 0.48306686162891177 1.715300196181662 0.08358541599259434
137 1.7542972562295076 0.5140533558879228 1.7542866828308281 0.08933994066512008
138 1.6838644131147538 0.5028721126705397 1.7268226485549498 0.09448522071752784
139 1.6874515960655732 0.6367201541488859 1.6675827644052115 0.14425701637120505
140 1.5803934367213115 0.5277048953221588 1.6041149888206019 0.08299448374913972
141 1.4823452360655742 0.5201318664754212 1.461886727113887 0.10567428567011317
142 1.52242116442623 0.4781746063047097 1.5432400704001865 0.09411892331578334
143 1.5290390231147535 0.5416344019771349 1.5308676709027738 0.0683171325176299
144 1.4557825959016395 0.49855757567476744 1.4566138412502523 0.06562883566460902
145 1.452168219672131 0.4476370700122779 1.46426577371532 0.09602032711357772
146 1.5358302218032789 0.5311144183204402 1.4821492416271889 0.09470924870410995
147 1.5179343395081963 0.519415863524135 1.5686025012534555 0.08004357546806555
148 1.5393899695081967 0.5827252403969732 1.520111758341752 0.12796604162110267
149 1.5626957883606556 0.516363893680875 1.572049115374732 0.1279246358171139
150 1.4692544386885242 0.46467281491130696 1.4934315996991574 0.07610621761305056
151 1.472249359836065 0.5798854623467242 1.4486247899851474 0.0845215882103332
152 1.4127559670491803 0.5726576089267728 1.4127586794991818 0.10738310102318094
153 1.3469258821311472 0.4908150580698315 1.3554387058206754 0.08221701276078328
154 1.3763367975409837 0.47892595183052733 1.375576280905482 0.14039596726977002
155 1.41762692 0.6333366103225311 1.4252637256931362 0.1519057519759019
156 1.4600612890163938 0.647143246449552 1.4337356506353969 0.14525306263383242
157 1.4207505663934423 0.5191574504140419 1.433925109450343 0.09070785296447122
158 1.408727095081967 0.5112122662561648 1.4200802124875498 0.08015818963911713
159 1.3972680629508196 0.41060736152491434 1.4028464436121733 0.10457990589467604
160 1.5507569985245901 0.6592273755767695 1.5257311271909515 0.15960347245396947
161 1.5991487595081966 0.5832573257675691 1.591142333305653 0.1223264406277758
162 1.6368327573770491 0.5977987430818753 1.6167413114248732 0.11937591475721847
163 1.6600162990163936 0.5599277757547354 1.6652951980374158 0.0863691093346966
164 1.6360625940983613 0.5965980810226128 1.6177220525878233 0.1161983892109859
165 1.698491480983606 0.5878745243055826 1.7002811418199961 0.11867577858105106
166 1.677916114754098 0.5404268317713367 1.6976775815054224 0.07976421824246135
167 1.655503359016394 0.5149235582953757 1.6460246853309535 0.07695899002993795
168 1.6289355996721318 0.517886806948286 1.6173030095180496 0.07191541991172837
169 1.6688561213114748 0.5295619962489808 1.655892498601115 0.07274494337215
170 1.564984879180328 0.6884924915170197 1.6260219130065778 0.15681386723455204
171 1.7053468704918033 0.5164185332907714 1.6515795546943015 0.11505058396532324
172 1.6691152852459015 0.5387369843138742 1.6809770660149284 0.11486541058711218
173 1.6773177898360656 0.5765249843695551 1.644021145054063 0.08665149965057875
174 1.733043244262295 0.5383748705072688 1.7845110483606996 0.10727207117366307
175 1.6363412409836067 0.5068853833612407 1.6487216976647552 0.1160951109180839
176 1.6777527377049177 0.46202574661711904 1.664177907689949 0.10459001876993822
177 1.6003777524590161 0.46522833551114523 1.5921670674008697 0.11553585588311742
178 1.5261477993442623 0.49416912477702607 1.5723732647109292 0.1353322471407105
179 1.6672715581967215 0.5771910225288663 1.6219764775061865 0.1422302461645709
180 1.6527497121311479 0.5167802806720924 1.6279889940350751 0.0926560153902085
181 1.689944967704918 0.5815636319117637 1.6965247663396676 0.11890453222535197
182 1.6464376081967214 0.5422735204020419 1.6621443144323944 0.1147497649197738
183 1.624450367213115 0.6246463337767357 1.6215700918171256 0.09839730583565531
184 1.6031559672131144 0.5221423347513162 1.627388896833451 0.0904247317106292
185 1.5868160845901638 0.7332233108844401 1.530643554206192 0.12381315650506218
186 1.5149066027868852 0.5810616643291143 1.5785306203840863 0.11936034963969094
187 1.4002624106557382 0.5355203292543937 1.439765809276229 0.11830913387428175
188 1.3850372913114755 0.5998199912798642 1.3591579296625467 0.08742247300549012
189 1.336347370491803 0.6126720168277878 1.311885629149624 0.10589178115682188
190 1.5815142185245903 0.5003267822392315 1.581415610307843 0.08993164197638157
191 1.5088548344262296 0.46057814234278754 1.5253213671420296 0.060308313340327026
192 1.5088426491803277 0.5581607720908544 1.4859078731671966 0.11698110861593108
193 1.636378413114754 0.5552019219746527 1.6253365093465864 0.08574378272071101
194 1.6708145163934427 0.6489663084468162 1.6804701998623703 0.12897467955326314
195 1.620008207540983 0.555364330100361 1.6301990523841805 0.08269137459245941
196 1.4916072478688527 0.5383077676984792 1.4848657793862812 0.12384453129324369
197 1.505053036065574 0.5278751701972572 1.5319829528159623 0.09049927955206796
198 1.5413675475409838 0.43541042209540265 1.5286794075769348 0.05808450749690584
199 1.639698456721311 0.635889578365548 1.6079424832581135 0.15280044814149787
200 1.5854604032786888 0.5416611639417565 1.6029677562674332 0.11933701550278834
201 1.5392187921311475 0.5069451507262072 1.551410666560925 0.08473488725396638
202 1.5466861613114755 0.4876759061151215 1.5481949618376238 0.14821188682509967
203 1.469066152786885 0.47542657829537216 1.4957007136134064 0.06390767914730058
204 1.421129074590164 0.5668660366821864 1.4305243833344514 0.12431865109023903
205 1.3386436831147541 0.5647451181222544 1.3390146774545229 0.12333715341030851
206 1.4624475172131146 0.5260519698564541 1.400459955806804 0.10854785687686874
207 1.4680043418032787 0.5307191448918123 1.5139490462050786 0.13606773569845138
208 1.501872071147541 0.567846645381412 1.4396504800765548 0.1622876779118211
209 1.55956168442623 0.5230807938157828 1.584961164677644 0.091302650105712
210 1.5087182267213117 0.5147764739534061 1.5378088297428036 0.12559270665377312
211 1.5467599962295084 0.6640587738500264 1.5355457719214267 0.1141389212357817
212 1.4753752540983605 0.468744848522154 1.4735440980700045 0.08806362963299733
213 1.4220945178688529 0.4998513114449736 1.4059853474816342 0.12906539472106604
214 1.4416203462295083 0.43922468170560636 1.4488502760607125 0.12204445523022117
215 1.52418122147541 0.5676441698778075 1.5193239860820311 0.07228319306927536
216 1.5379217754098358 0.5897274178781583 1.5223854342982608 0.07513209147019632
217 1.4949912914754095 0.6486529564806365 1.5300295974022213 0.15478133285245416
218 1.4556430773770492 0.5891775902661637 1.4705658473715344 0.12317223498061664
219 1.4129678278688527 0.5384214688434094 1.4135334938096917 0.08908989885273048
220 1.4146384973770492 0.5635051479227883 1.4165906380101063 0.11482173311868878
221 1.5138572285245901 0.5274493006787215 1.4729295433123344 0.09737916573456117
222 1.5247908147540985 0.5049188184058689 1.555252760491247 0.10114373208917804
223 1.4877181770491794 0.5019810808055394 1.4880633781721346 0.06822092585119123
224 1.4664414650819673 0.5198308023951195 1.4703050521926182 0.08882504551981618
225 1.494536300819672 0.659740892025459 1.4812936673791457 0.1195395328770113
226 1.4498352103278689 0.4442812037166621 1.4610392745452687 0.10057333545595543
227 1.4410337377049176 0.42731736719399643 1.4481703992352903 0.07151094670058111
228 1.468164973934426 0.6175246156357483 1.4133154330343924 0.11444570101373011
229 1.448297910491803 0.5001732666325955 1.4833163458108087 0.11519266932618825
230 1.3901603701639342 0.5467170001964264 1.4141174817292053 0.11164845181499879
231 1.4251278450819673 0.5163919079912271 1.406542676551694 0.10923418102286339
232 1.4759182509836066 0.4847675133196231 1.4678708779416636 0.08654499234441644
233 1.3925687252459018 0.4759066353516585 1.4258338442898455 0.10293967669315142
234 1.5009330140983606 0.5136322256173568 1.4734669071114923 0.0950422242650182
235 1.4695607880327874 0.4538750900727193 1.451339666674725 0.06618349690091462
236 1.3874103721311475 0.49763897276362185 1.4048029669282618 0.09382527662773578
237 1.5432103650819673 0.5394581355580578 1.523647497827506 0.11448698703866703
238 1.5010598747540986 0.4754046673066038 1.5211150424061195 0.08204361153400225
239 1.4306481621311475 0.42111606123920514 1.4420729825861538 0.0842952493596527
240 1.4994627481967209 0.4804401326181573 1.4633839920151457 0.11002340848677088
241 1.566366180327869 0.6655819404427646 1.599232593075729 0.12306375696108529
242 1.4746947281967218 0.4588573547380495 1.4912151899257613 0.10870070846275325
243 1.517409266721312 0.6163233768090481 1.4984587371467484 0.15521894740688444
244 1.489245062459016 0.48662442701013736 1.4903978388070025 0.07793914037620282
245 1.4980121754098363 0.5356472673369485 1.4939400600820405 0.12687334481886983
246 1.444380274590164 0.45655028099757927 1.4118761376418603 0.09710908104279362
247 1.3878498962295083 0.38316558203374895 1.4266193912239085 0.08945344793456039
248 1.4209859267213112 0.4761206704083373 1.4305527098483772 0.10035135249465074
249 1.4340924132786883 0.46948646081546064 1.4258680945432012 0.07589681343429448
250 1.3973247393442623 0.4777834223154545 1.4204401872435053 0.1256847651597075
251 1.4655365352459016 0.44781568440042013 1.4344435387513264 0.08425697322903876
252 1.492363162950819 0.5668711159412593 1.49967103698302 0.14032425989687833
253 1.4612163200000003 0.5018929266445221 1.4593998302788795 0.09193690595911112
254 1.401952081967213 0.39175370884185234 1.4080626378255785 0.07151394482709532
255 1.323392629016393 0.4009627446709958 1.3389135322916934 0.09945039392561933
256 1.4171560765573772 0.4950099936118775 1.4039325756832723 0.11327015708644894
257 1.4550482360655737 0.5157994172959056 1.4530868282495144 0.08150569553144332
258 1.4700098954098364 0.41876013253597344 1.4603212294275332 0.08578347608932947
259 1.574395355737705 0.5279399032588276 1.561183657146964 0.07070902172711761
260 1.491288633606557 0.42582915425380113 1.5087668216763084 0.08616386345351502
261 1.5039513581967212 0.47222354436246505 1.5022246549155611 0.09038521615810648
262 1.4665834644262294 0.5028730683422067 1.464863148978073 0.13264627497510745
263 1.4336875039344266 0.5687516571608732 1.4466808913159417 0.10067304915852726
264 1.425079401967212 0.47049070550698485 1.404394936127283 0.06409901266599588
265 1.4216172285245903 0.4476071892490154 1.4389912171747612 0.06383060262555423
266 1.44469873852459 0.521383779845685 1.4175076894382708 0.09987090624213682
267 1.4786281980327867 0.4591043337969871 1.4775455208774337 0.10146669698426997
268 1.336446368360656 0.4311096707024647 1.3622214623729596 0.08662572181077421
269 1.3561509496721311 0.5518281650310021 1.3706284616435267 0.10488837089158329
270 1.4721115250819674 0.5876704237042096 1.4305897595836332 0.11053496578922192
271 1.4031028245901636 0.5540509322949809 1.4139091517704172 0.1326296282637071
272 1.4778736037704918 0.4995484424728518 1.506558484373884 0.12646380267631452
273 1.463094170819673 0.5548704492091281 1.462194117802875 0.08897033373554883
274 1.4174069065573764 0.41678315135092275 1.4002435898518661 0.08965743071285191
275 1.389080397540983 0.4545671098132104 1.3790103709617032 0.06929054350265794
276 1.4483462295081961 0.4177703990010414 1.4666370367313937 0.06021244660121054
277 1.421812723770492 0.6059869441447138 1.3788651119259312 0.09299636844980533
278 1.4354916080327875 0.5909798657829073 1.4902823660453672 0.14102383294482246
279 1.5082790552459018 0.5583067106525221 1.4945712585574373 0.11104528665641569
280 1.493244550327869 0.5683565393469178 1.4939774763365317 0.13961041005351077
281 1.502543405901639 0.5007326829142192 1.494179996930414 0.12116144449779426
282 1.5067295983606557 0.486054982818499 1.512753368085853 0.11872116277269233
283 1.5097927049180326 0.47073551559011617 1.4750332714831975 0.11240694376809385
284 1.4070400731147543 0.3961887009571044 1.4496513972043636 0.07856585143201208
285 1.44685254442623 0.5031874335506771 1.4486131090830006 0.08538808935316605
286 1.4789793908196716 0.49468718034051395 1.4712083733255126 0.0838352053751484
287 1.4877027839344257 0.4685210282019232 1.485558247236514 0.07698447753456596
288 1.374161930819672 0.5173357404214699 1.3960345411619792 0.12273232405735485
289 1.379860182295082 0.45519109792434737 1.3475305243124374 0.10860192670085392
290 1.4338502419672128 0.5232830390294336 1.4203482651248152 0.10305069368844477
291 1.3745348967213114 0.5096613268753181 1.380165398992402 0.08319101324478351
292 1.3757080988524593 0.5533013046136444 1.3957589580267884 0.08494911730700344
293 1.3241350493442625 0.482949389463223 1.3335766481446554 0.07237208813168833
294 1.3954272468852462 0.3838655978914078 1.3858454267198557 0.07816007091097273
295 1.4208976722950823 0.5363751044514754 1.3837660512872607 0.07921167239625408
296 1.4170074981967218 0.5415413787774292 1.462437226515286 0.13007525976066917
297 1.3587278144262291 0.43450592137301597 1.3537458107976363 0.08385728328809167
298 1.3984123336065575 0.5103902640819837 1.4018529581943695 0.10050042199846207
299 1.2768867042622953 0.3423660677609367 1.3026043203370563 0.07170410361833286
300 1.3597403331147544 0.4259004023847712 1.3357582291425814 0.10276726283935107
301 1.3358918042622947 0.414588677415577 1.3198676037030532 0.06573208751847488
302 1.4059481209836062 0.3916987367628157 1.3956842370359042 0.05383643872855535
303 1.3351006344262297 0.4720940871454736 1.369411889091209 0.08857839049204132
304 1.366749519180328 0.418970923921435 1.3515684800453924 0.10880017985235978
305 1.4063707262295084 0.47234391145308297 1.3958312205906616 0.09068308459700353
306 1.372050832459016 0.388409635138055 1.3810186304726761 0.08753756077914547
307 1.4020069211475406 0.4876125440849857 1.3965072696669754 0.08970934027620528
308 1.3873014703278688 0.43995737379081756 1.3918051840344268 0.08455524335266774
309 1.348550190983606 0.4753521560196848 1.3512076001572557 0.07243470646652346
310 1.3194701801639348 0.45869812694961354 1.335105478672049 0.09512290086347931
311 1.3754578772131147 0.4432122978143126 1.3726938772202384 0.09370971331205298
312 1.4140112765573776 0.5562353868656427 1.4099716327188152 0.09670327836366353
313 1.4882030352459015 0.4836401141718646 1.4496346631553358 0.10841523159861872
314 1.4463122229508207 0.45234207378983887 1.471659163803357 0.10903879089532166
315 1.47133012704918 0.4702020199079094 1.4611949209517805 0.07617904510362952
316 1.4172726575409837 0.40987868286896884 1.4215872563642025 0.08117196251865037
317 1.423562593934426 0.3614893872712262 1.4008610882684271 0.07982237313375382
318 1.4558210363934423 0.49078770757426715 1.4764959067014163 0.10376822706377256
319 1.4332004337704918 0.5010783878541876 1.448175635110152 0.09950828774626226
320 1.4426653859016392 0.43422331787071466 1.4177807376147293 0.07942596250973591
321 1.4317401026229513 0.5136878474581852 1.460457635059734 0.08193256932107323
322 1.3837617918032787 0.3910553323664174 1.3539781615060797 0.09214043720599187
323 1.4969932313114762 0.4650917800937985 1.5045176449637399 0.12210478069566372
324 1.410730596721311 0.4302705079375734 1.4348223694641806 0.11096160564260782
325 1.4528836083606558 0.4924197064176832 1.4373048518763463 0.08038072727750768
326 1.377117009180328 0.400980385652795 1.399041325909313 0.050374121748872104
327 1.3892721467213114 0.4457890418129018 1.3639295442015915 0.07887232851944341
328 1.3980180773770499 0.4655046541112985 1.381648366004127 0.10064276402898163
329 1.378279247704918 0.43428660882430453 1.4006668224536845 0.0832435333078865
330 1.3897633337704922 0.5002838298939122 1.3784161488912476 0.07236039344129981
331 1.4289560693442622 0.4819148777274787 1.417995482601684 0.07512196098119062
332 1.4017580167213115 0.4903545245628876 1.4253610007148898 0.09410632400838048
333 1.3601472957377043 0.42492543491021073 1.3636470841537123 0.07591108378807858
334 1.3984549268852458 0.4544022560653541 1.4029156091644683 0.06324459788630561
335 1.3573035755737706 0.42552316243544486 1.3383724381127167 0.09201651061438035
336 1.3252318339344265 0.43424137828791853 1.3648630525198335 0.09833971284420477
337 1.3520652613114752 0.504564377812994 1.3356359368350388 0.12382936546658677
338 1.364111654262295 0.5093502247449453 1.3314050112678857 0.08227506126184454
339 1.3526075936065578 0.5118938463235042 1.3773394559158703 0.1405039887623653
340 1.453757265245902 0.4783908818758553 1.4479793689084213 0.11926585337351704
341 1.4092571711475412 0.42250182772542905 1.406024514948581 0.07318554578424662
342 1.396751399508196 0.4084121480134102 1.3853177121310343 0.08949111149409152
343 1.3831585944262295 0.40018918433825573 1.4176884599638593 0.08756166575356092
344 1.351144084262296 0.377719857234266 1.3541394748483861 0.07442968341813994
345 1.429410352459017 0.5819761956582837 1.4125544379390762 0.09281829088002595
346 1.405060076393443 0.4325402874175824 1.4117880843374908 0.05191634099059187
347 1.453747789836066 0.45063160877048614 1.413082763616681 0.08978079366160929
348 1.4185666837704922 0.3605810218455005 1.448049361526255 0.07752393626462696
349 1.4801039652459016 0.440699904310823 1.4599350520874272 0.07520536356783818
350 1.535245222622951 0.5563942719635521 1.5360869067155316 0.07831366799860517
351 1.4332018559016397 0.47066069430026675 1.4680024982581603 0.10824865293766081
352 1.4359488081967215 0.49191245660988175 1.399900650241907 0.07702687817231103
353 1.5233792518032785 0.45176931371730833 1.5050569265188187 0.10490650270191175
354 1.4620739947540984 0.4598993553165884 1.4993618053636875 0.14036819948346113
355 1.4476733175409833 0.3959355225928755 1.4447123294715618 0.06286255927410254
356 1.4198659822950825 0.4180061003381681 1.4262301453261153 0.056218340052162155
357 1.4050878645901639 0.5743707601549519 1.4026010983090562 0.0986016794959679
358 1.3714880704918038 0.5917002885461908 1.3507340662345002 0.1524089361663397
359 1.3776398290163938 0.47630159749001644 1.4059545494863794 0.07544499563852235
360 1.3959286395081962 0.5555431250359038 1.376488145583606 0.1199167022607855
361 1.4696709177049183 0.5327047553849156 1.49097505889911 0.12341014326563682
362 1.4576492959016394 0.54173620411133 1.451486385273479 0.10289029886773271
363 1.4958566852459019 0.5198683017065591 1.4627688202188773 0.11389679744508434
364 1.520604768196721 0.4596434384028213 1.520075693518043 0.09668080341022847
365 1.539028104918033 0.38094873765285714 1.5444199617751506 0.07267934589918419
366 1.5225055788524586 0.4386173578905297 1.5386722506429074 0.060964100536755265
367 1.5061007032786888 0.46235703300862774 1.4930641328051846 0.06095798324974485
368 1.475927506885246 0.4958926982708568 1.4749030495520195 0.0935857973038802
369 1.5661362393442624 0.4049246201300108 1.5778905685908702 0.05773535596861446
370 1.5372576154098359 0.4631616276608164 1.5411663140688643 0.07645055257226906
371 1.49577944704918 0.4678926184741794 1.5065996241440964 0.08743013209294012
372 1.4892774426229511 0.41690850302270005 1.4876820837742688 0.06237185476215108
373 1.4774993077049179 0.4428030063615566 1.4568873182131374 0.1316275970655473
374 1.5375573639344264 0.5179342285221211 1.5034063450107993 0.15652581711922112
375 1.4551700255737703 0.36327128166022077 1.5060113113977451 0.07029214979389357
376 1.4091075990163935 0.47437607035819823 1.4336646354553606 0.12290662443416424
377 1.483893769344262 0.4031389502808073 1.449577159576627 0.06869364505985795
378 1.5097990078688526 0.48242442118681417 1.5196126622310433 0.08568880517976217
379 1.4870170754098362 0.38661640357017235 1.500455821934001 0.10259463724406057
380 1.4806949904918028 0.36733474746108097 1.4548620142912367 0.08310607970037136
381 1.5605671737704916 0.6277814839840103 1.5364572793438913 0.13964420545925768
382 1.5011607344262294 0.4300703962628768 1.541904593131346 0.09766079591518956
383 1.4629154181967217 0.4036554415298032 1.4466866356119883 0.07802139907465358
384 1.4942196475409835 0.46771955399852966 1.4995940559180674 0.057236500585181926
385 1.4540857006557377 0.4310087038728585 1.4502242867365853 0.06973949568906568
386 1.4735296934426232 0.32318888698258674 1.4941618018926293 0.06214521144173648
387 1.332825110491803 0.3643758013496011 1.3384922162237851 0.08822412270598605
388 1.4884643639344264 0.4855056942081434 1.4588688987336627 0.08490917414415035
389 1.5106201852459018 0.4345935011852767 1.5193491675985908 0.09105792118408398
390 1.4975420572131148 0.5211389442885351 1.4952136957380548 0.09857431804229631
391 1.4894937470491803 0.3905797225848664 1.4891457091698532 0.06171854314323575
392 1.471775766393443 0.4080229442098643 1.4883569942084214 0.06671171314921105
393 1.433345549672131 0.3772706943462059 1.4141119677649672 0.05615445850853693
394 1.503840502131148 0.5539779868220106 1.5029446160597224 0.11172068927486031
395 1.464335459344262 0.46067685560556976 1.4392205603652461 0.08094077829505322
396 1.4562917686885244 0.46727048170084584 1.4894090818747192 0.06913933722261634
397 1.5098090667213113 0.4557511266637613 1.516088412215784 0.11424452566399827
398 1.451101501639344 0.4440060243717219 1.458163090724014 0.06733075877805421
399 1.4410209462295085 0.5018022458138381 1.421949247132873 0.10751714107225453
400 1.3949511280327873 0.4675987172947534 1.4222783596621504 0.08764318230048813
401 1.35775413295082 0.5108552720162108 1.3322836919818022 0.07892830695746048
402 1.378203639508197 0.3529897993292306 1.3721240744199934 0.06449386070799146
403 1.453380813934426 0.40643373011247197 1.4673198814763957 0.06309840303865977
404 1.4598399967213114 0.4171093679398643 1.4559862080179273 0.11281878704876312
405 1.4774013549180323 0.5775028138720526 1.483724317262232 0.08596225619912716
406 1.417562971639345 0.45344522758610184 1.4074001704658214 0.10292176199220768
407 1.443366996721311 0.35345265694049616 1.4440715073424646 0.06496099845574395
408 1.4020188465573769 0.39807337086876765 1.401518773310904 0.0473976585806944
409 1.4022671321311477 0.4723345159519528 1.4248317970417104 0.08349844375596148
410 1.4918445957377051 0.5369685457235563 1.4878852440747112 0.09305325503051774
411 1.406680132786885 0.4025408468224782 1.4046510656041233 0.07545071425261202
412 1.400245396885246 0.4082566680484497 1.369256050890509 0.05574456943052143
413 1.3827825032786887 0.432844623016908 1.430517697862275 0.08973414227015675
414 1.3668026986885247 0.4595026211737035 1.3084924768861448 0.14279441740441015
415 1.410847647540984 0.3904520945642277 1.447355525918026 0.09762436974903711
416 1.4131016731147537 0.38564592390840813 1.4210065846107447 0.06782921912144525
417 1.4516618345901642 0.46393879328143633 1.403866239590557 0.0843234088697008
418 1.4491202191803283 0.46468033766118105 1.473745036776301 0.09053248327860897
419 1.4514833568852463 0.399121211454971 1.474670460077387 0.12286002918519243
420 1.3657031568852454 0.5043417541468849 1.3711068770344523 0.08392228403061723
421 1.4212660037704923 0.3784953412744539 1.4025640389842873 0.07589116922218338
422 1.4225472552459018 0.40850174782622173 1.4423264441011043 0.07455668613851721
423 1.3166837806557383 0.43504232709454604 1.3016575504813868 0.06056899284228755
424 1.3609320940983602 0.4757430926696834 1.3533187671257154 0.09074397925830878
425 1.4251260980327871 0.44148623901907263 1.4322567206059502 0.059907199775635425
426 1.3687766544262294 0.5029291174232032 1.3797362110639098 0.07711200845002926
427 1.4116470555737703 0.45130081717783954 1.3919198089032552 0.07236800036930387
428 1.4548553573770497 0.43955755872800106 1.4569556082809725 0.05305087790618608
429 1.43080380295082 0.4313709164873535 1.4516111115048136 0.07837547979112454
430 1.4404276886885246 0.4179214541234631 1.4163283026209748 0.12477066094547587
431 1.4625392021311472 0.4809471433828628 1.4466011560301837 0.08540182551122016
432 1.469520074590163 0.4194073717309088 1.4687421246088066 0.09256116403373417
433 1.3970538780327866 0.5456410344777551 1.4078604233692924 0.07015792292396845
434 1.49546847147541 0.4300525643595779 1.509627364575611 0.061674821072416855
435 1.4286244711475413 0.49181396848347536 1.4177360941652828 0.09525601695309786
436 1.4724525616393447 0.500150928334878 1.459538472951396 0.13142520412467668
437 1.51948308852459 0.3992948692543678 1.5058600919673575 0.055779970530077695
438 1.4687460591803283 0.3664715038828858 1.4824630925919628 0.063242751090567
439 1.5082998606557376 0.46677667991179095 1.5203795848017088 0.05801534851056986
440 1.4459381744262296 0.40005045561639413 1.4375160926350585 0.0699523368610259
441 1.4376894516393441 0.40908221193679795 1.4557767833245265 0.06177846139606483
442 1.41967787147541 0.45286460647038895 1.404790754795652 0.09749451982834494
443 1.377209192295082 0.5242583558628833 1.4149331083551848 0.09796144193378091
444 1.40072816852459 0.48872416578289823 1.3715797560170564 0.0843543121378344
445 1.35501967704918 0.4624784623124926 1.3666443401992292 0.07670402546935252
446 1.3603663104918038 0.5641005742980305 1.3759485658447888 0.11423785148474024
447 1.3054357393442622 0.49868388644079936 1.2809915645010856 0.10312455790925563
448 1.3230187411475405 0.45645041993558766 1.350819740473845 0.1054100885425632
449 1.3975183536065579 0.45669707437068324 1.3855566363147072 0.08571843810161368
450 1.388518981147541 0.5494448130873419 1.4018612635018506 0.11037185192155845
451 1.3001500380327862 0.4492963279210339 1.2742228304589167 0.10227778480412025
452 1.2973309229508196 0.4297239184869284 1.295891026262814 0.08782380262425486
453 1.3297367077049178 0.4529565569908179 1.3509503768499043 0.05893064295421839
454 1.4031956708196718 0.48863229659442925 1.3469687892846398 0.09550425190560202
455 1.4133598716393443 0.4665206565079904 1.4509081540129256 0.11459713856011158
456 1.4005222340983607 0.3545077202108286 1.4127174437397192 0.05628304189566865
457 1.5292460954098364 0.5169735147502416 1.4978910004921695 0.12446350292198197
458 1.5168355178688526 0.4820736080339251 1.5010047808860747 0.08605903970597865
459 1.4763686754098362 0.47028845554051846 1.4998544211163884 0.09074363388142838
460 1.4888585959016392 0.4352550315474276 1.4682754884053528 0.07402722913589842
461 1.5049716557377046 0.37077004139789294 1.5300559130451192 0.06951907553791792
462 1.517481558360656 0.48944500504899247 1.5148974078078403 0.060887552967890314
463 1.5119271759016393 0.47346295084136697 1.4966523480072447 0.08261915111729795
464 1.4582973939344261 0.33594519874579154 1.478745089820941 0.05084978090643107
465 1.4800881581967207 0.4204486123080678 1.4699598954156028 0.08774649455601971
466 1.4181177822950821 0.3738228634761566 1.4402962538557638 0.06663004487402822
467 1.4300940786885248 0.33321476223390195 1.4039474798493206 0.07118676998185669
468 1.5201716983606555 0.41737680428159607 1.5408351102911262 0.06554719888250977
469 1.4920478 0.4063379810746129 1.4901543283107865 0.0891871163474327
470 1.51023664852459 0.43915363418405007 1.494467498884465 0.06763542033103015
471 1.4350976229508197 0.4114302636633961 1.4472488267210117 0.09432489990723981
472 1.4573509085245904 0.41600626468724683 1.4558727089562018 0.0784433349756579
473 1.39398759852459 0.3836450631560318 1.4120830083139218 0.10044999858424165
474 1.4224255596721311 0.4595441045975493 1.4241614155445976 0.07469136818030031
475 1.4312388924590163 0.393927428415355 1.4412758515379096 0.07883483640105718
476 1.4160055186885248 0.40364883772274185 1.3959817472244687 0.07542130582538091
477 1.4645574655737703 0.395857221854035 1.434483536127919 0.06319766456552009
478 1.4679299521311477 0.49252895758820037 1.465042047772473 0.09935768626810677
479 1.4446864532786883 0.4423612641155257 1.4925659548527868 0.10759086068527775
480 1.4344184768852457 0.4451920008101008 1.4183690758444232 0.06194714663321077
481 1.478602610655738 0.4066579573351827 1.464531373436425 0.07859659115315032
482 1.385101303770492 0.38901175137165317 1.3950605125159143 0.06468148121712966
483 1.4572802544262293 0.42047351435260727 1.4560800084152565 0.069136250641816
484 1.46031823557377 0.354903289020254 1.4689791927868556 0.06730385132331262
485 1.462787049180328 0.5037229698770714 1.4500655400791056 0.08198225888498258
486 1.4421550662295075 0.497612009669281 1.437260709942919 0.0953215400134033
487 1.4175305634426232 0.3282535082722763 1.4391952745096892 0.04974154525209965
488 1.470985480983606 0.40756561202934183 1.4669359749522821 0.06683084394254792
489 1.447482422786885 0.4414421735396599 1.4312569387487846 0.10850049707657111
490 1.479052770491804 0.5110429820210097 1.496120922643592 0.10147909304817843
491 1.4660273214754096 0.47739568775646807 1.422405409653315 0.09908433630008881
492 1.4703326311475409 0.35226708317651123 1.508929015592111 0.09825134083401886
493 1.4877294170491804 0.36717798974011184 1.4637211491265023 0.0681562898963389
494 1.4214888032786883 0.3377286939289777 1.4470475069779885 0.05603491077028461
495 1.411026673770492 0.4684529337982004 1.407994907123499 0.13347830115685214
496 1.396695785081967 0.4537479604968038 1.4081531159190694 0.07590043028444193
497 1.3971745209836062 0.4154423010221934 1.3874908165605098 0.09848411265979082
498 1.3661137177049183 0.3320532967850505 1.3632031148665449 0.0452252434536151
499 1.4139603080327867 0.364514830415072 1.3893420575046356 0.07455386974767862
